%YAML:1.0
rgb_intrinsics: !!opencv-matrix
   rows: 3
   cols: 3
   dt: d
   data: [ 5.4233241939460163e+02, 0., 3.1924060565742400e+02, 0.,
       5.4183633412723623e+02, 2.7040168744299842e+02, 0., 0., 1. ]
rgb_distortion: !!opencv-matrix
   rows: 1
   cols: 5
   dt: d
   data: [ 2.1740460661773633e-01, 6.5617806157639277e-02,
       1.3200883115876413e-02, -1.1852280340865901e-03,
       -2.7189145620022783e+00 ]
depth_intrinsics: !!opencv-matrix
   rows: 3
   cols: 3
   dt: d
   data: [ 6.2233333929739320e+02, 0., 3.1639994477655961e+02, 0.,
       6.1973178978521912e+02, 2.5935784185977855e+02, 0., 0., 1. ]
depth_distortion: !!opencv-matrix
   rows: 1
   cols: 5
   dt: d
   data: [ 3.5471452341886167e-01, -7.9325763052555747e+00,
       4.7952859754707110e-03, -4.2513384800042589e-03,
       4.3951118996227621e+01 ]
R: !!opencv-matrix
   rows: 3
   cols: 3
   dt: d
   data: [ 9.9996503031734796e-01, 7.4966702183607006e-03,
       3.7064913412090403e-03, -7.4611370430354975e-03,
       9.9992694885892919e-01, -9.5093837706501112e-03,
       -3.7775092918955729e-03, 9.4813965906718565e-03,
       9.9994791541471806e-01 ]
T: !!opencv-matrix
   rows: 3
   cols: 1
   dt: d
   data: [ 2.9258641098786689e-02, -2.1920559636974795e-03,
       1.2250502568112076e-02 ]
rgb_size: !!opencv-matrix
   rows: 1
   cols: 2
   dt: i
   data: [ 640, 480 ]
raw_rgb_size: !!opencv-matrix
   rows: 1
   cols: 2
   dt: i
   data: [ 640, 480 ]
depth_size: !!opencv-matrix
   rows: 1
   cols: 2
   dt: i
   data: [ 640, 480 ]
raw_depth_size: !!opencv-matrix
   rows: 1
   cols: 2
   dt: i
   data: [ 640, 480 ]
depth_base_and_offset: !!opencv-matrix
   rows: 1
   cols: 2
   dt: f
   data: [ 7.50000030e-02, 1090. ]
