%YAML:1.0
camera_matrix: !!opencv-matrix
   rows: 3
   cols: 3
   dt: d
   data: [ 6.2233333929739320e+02, 0., 3.1639994477655961e+02, 0.,
       6.1973178978521912e+02, 2.5935784185977855e+02, 0., 0., 1. ]
distortion_coefficients: !!opencv-matrix
   rows: 1
   cols: 5
   dt: d
   data: [ 3.5471452341886167e-01, -7.9325763052555747e+00,
       4.7952859754707110e-03, -4.2513384800042589e-03,
       4.3951118996227621e+01 ]
rectification_matrix: !!opencv-matrix
   rows: 3
   cols: 3
   dt: f
   data: [ 1., 0., 0., 0., 1., 0., 0., 0., 1. ]
projection_matrix: !!opencv-matrix
   rows: 4
   cols: 4
   dt: f
   data: [ 6.22333313e+02, 0., -3.16399933e+02, 0., 0., -6.19731812e+02,
       -2.59357849e+02, 0., 0., 0., -1., 0., 0., 0., 0., 1. ]
