%YAML:1.0
camera_matrix: !!opencv-matrix
   rows: 3
   cols: 3
   dt: d
   data: [ 5.4233241939460163e+02, 0., 3.1924060565742400e+02, 0.,
       5.4183633412723623e+02, 2.7040168744299842e+02, 0., 0., 1. ]
distortion_coefficients: !!opencv-matrix
   rows: 1
   cols: 5
   dt: d
   data: [ 2.1740460661773633e-01, 6.5617806157639277e-02,
       1.3200883115876413e-02, -1.1852280340865901e-03,
       -2.7189145620022783e+00 ]
rectification_matrix: !!opencv-matrix
   rows: 3
   cols: 3
   dt: f
   data: [ 1., 0., 0., 0., 1., 0., 0., 0., 1. ]
projection_matrix: !!opencv-matrix
   rows: 4
   cols: 4
   dt: f
   data: [ 5.43496704e+02, 7.08219814e+00, -3.17175323e+02,
       -1.97787666e+01, 5.06420994e+00, -5.39225403e+02, -2.75524963e+02,
       -2.12482095e+00, 3.70649132e-03, 9.50938370e-03, -9.99947906e-01,
       -1.22505026e-02, 0., 0., 0., 1. ]
